epoch,accuracy,loss,val_accuracy,val_loss
0,0.666344940662384,3.1137619018554688,NA,NA
1,0.7480695247650146,2.0514535903930664,NA,NA
2,0.792792797088623,1.8434993028640747,NA,NA
3,0.7960103154182434,1.7515380382537842,NA,NA
4,0.7947232723236084,1.6285840272903442,NA,NA
5,0.8027670383453369,1.5428738594055176,NA,NA
6,0.823037326335907,1.4409348964691162,NA,NA
7,0.8355855941772461,1.342097520828247,NA,NA
8,0.8449163436889648,1.2574899196624756,NA,NA
9,0.8584298491477966,1.1875883340835571,NA,NA
10,0.8542470932006836,1.1042170524597168,NA,NA
11,0.8790218830108643,1.0436533689498901,NA,NA
12,0.8861004114151001,0.979457676410675,NA,NA
13,0.892535388469696,0.9055251479148865,NA,NA
14,0.9031531810760498,0.844869077205658,NA,NA
15,0.9179536700248718,0.7841690182685852,NA,NA
16,0.9253539443016052,0.7412281632423401,NA,NA
17,0.9407979249954224,0.6951929926872253,NA,NA
18,0.9330759048461914,0.6727737784385681,NA,NA
19,0.938867449760437,0.6312739253044128,NA,NA
20,0.9501286745071411,0.603257954120636,NA,NA
21,0.9662162065505981,0.5619144439697266,NA,NA
22,0.9584941864013672,0.548805296421051,NA,NA
23,0.9723294973373413,0.516811192035675,NA,NA
24,0.9749034643173218,0.4916991889476776,NA,NA
25,0.9716859459877014,0.47937074303627014,NA,NA
26,0.9781209826469421,0.46015578508377075,NA,NA
27,0.9816602468490601,0.4398576617240906,NA,NA
28,0.9861647486686707,0.4210953712463379,NA,NA
29,0.985199511051178,0.412540465593338,NA,NA
Accuracy:  0.9916
Precision: 0.9846
Recall:    0.9987
F1 Score:  0.9916